                            Linus, For Real-Time Kernel                        /
                                  Jinkyu. Kim

                                    EXAMPLE

 2   4 43 767    1   4 7  131 1  5   4 5  385    5   4 0  875 1  8   4 6  268
   26 5  12  8     64 68462  1     5  67362  6     76 063 2  6     55 7 5 2  3
 7         76 44 6   0    714 04 0         67 0406         06 04 7   5 2  214 44
3   2         348 5 24     7  761   27   0 3  874 3 24     1  888 3 22        56
7    8   4 3    3    8   4 5  473 8  2   4  0 606    8   4 4  746        4 8  3
 5     81 68342  3     26 7 882  0     4  8  62  7     50 58022  7     27 3 862
0 74 2   1    000 64 1   3    335 6410   1      7 2413   5     34 7453   2    53
4 370 5 2      1  860 5 27   1  3 480 3 20     83 566 3 28        656 5 27   0
1 580 0  5   4 8  334 1  4   4 27 021    3   4    815    5   4 6  072    1   4
062  2    432 27722  6     66 5 822  0     84 4 402  4     43 3 4 2  1     77 85
   67 54          536 64 6   5    718 1424   2    182 24 8   0    156 746    8
 0 8  430 7 30     0  127 3 21   2    174 5 27         1  7 25   0 1  74  2 21
 4 4   10 8  4   4 76 2 7    2   4 31 821    3   4 6  560    1   4 28 5 833  4
1 7 2 2  4     50 6 852  5     5  346 2  0     86  77 2  7     1  141 2  1     2
 6    002 54     2     58 74 5   4    86  4456   5    606 64 2   7     61 34 4
23   3 2   30   23        007   27         27   26   6 6  662 4 20        772

#Tasks          :    10  CPU Usage:     %
#Task switch/sec:  4050

